24472
25990
25992
25993
25994
25996
12153
13655
13656
13657
13658
13659
754
2428
2429
2430
2431
2434
28257
29573
29574
29575
29576
29577
14432
14552
14553
14554
14555
14556
17462
18766
18765
18767
18768
18769
1551
1707
1708
1709
1710
1711
4883
7009
7011
7012
7013
7014
1373
2864
2865
2866
2867
2868
18527
19790
19791
19792
19793
19794
3457
4750
4751
4752
4754
4756
20489
21790
21791
21792
21793
21802
5376
6638
6640
6641
6644
6643
22254
23598
23599
23600
23601
23602
8284
9566
9567
9568
9569
9570
24786
24907
24908
24909
24910
24911
27278
27401
27402
27403
27404
27405
30232
31620
31621
31622
31623
31624
26187
27587
27586
27589
27590
27591
13341
14598
14599
14600
14601
14602
30314
32249
32253
32254
32255
32256
23616
25122
25123
25124
25126
25127
15889
17432
17435
17436
17437
17433
7653
7775
7776
7777
7778
7779
10729
12213
12214
12217
12218
12220
29720
31105
31106
31107
31108
31109
15428
16798
16799
16800
16801
16802
2751
4180
4181
4184
4185
4182
22009
23376
23377
23378
23379
23384
7599
7722
7723
7724
7725
7726
10629
12037
12038
12039
12045
12046
29479
30810
30811
30812
30813
30814
15304
16577
16578
16579
16581
16582
32184
1034
1035
1036
1037
1038
17410
17532
17533
17534
17535
17536
20432
21732
21733
21734
21735
21736
5934
7277
7278
7279
7280
7281
23657
25051
25052
25054
25055
25057
11925
13987
13988
13989
13990
13991
