11761
11883
11884
11885
11887
11889
14699
16838
16839
16840
16843
16842
10947
12295
12296
12297
12298
12300
31032
32516
32517
32519
32520
32522
17568
17688
17689
17690
17691
17692
20377
22004
22005
22006
22007
22008
9505
9626
9627
9629
9628
9630
12453
14132
14133
14134
14135
14136
1208
3042
3043
3044
3045
3046
22912
24573
24574
24575
24576
24577
11725
13849
13850
13851
13852
13853
8515
10055
10057
10058
10059
10060
28874
28994
28993
28995
28996
28998
31826
1052
1051
1053
1054
1055
21499
23197
23198
23199
23200
23201
12333
13843
13844
13845
13846
13847
766
2762
2763
2764
2765
2766
24543
24663
24664
24665
24666
24667
27490
29009
29010
29011
29012
29013
16394
17918
17919
17920
17921
17922
5533
7172
7173
7174
7175
7176
28030
29671
29672
29673
29675
29676
17635
17754
17755
17756
17757
17758
20580
22722
22724
22723
22725
22726
17297
18963
18964
18965
18967
18972
9049
10753
10754
10756
10755
10757
31763
1018
1019
1020
1022
1023
21920
23579
23578
23580
23582
23583
11078
12481
12482
12483
12484
12485
30864
30986
30987
30988
30989
30990
